0.0
0.0
0.0
0.0
0.0
0.0
0.0
0.0
0.0
0.0
0.0
0.0
0.0
0.0
0.0
0.0
0.0
0.0
0.0
0.0
0.0
0.9
24.6
36.000000000000014
56.20000000000001
84.7
156.6
202.10000000000005
152.80000000000007
172.49999999999997
161.10000000000008
169.90000000000006
145.40000000000006
211.1
133.90000000000006
151.70000000000002
181.3000000000001
174.8
160.0
132.80000000000004
122.90000000000003
151.60000000000002
172.10000000000002
148.80000000000013
143.40000000000006
192.30000000000013
174.20000000000002
151.79999999999998
124.60000000000001
176.70000000000007
132.60000000000002
151.60000000000002
123.80000000000007
152.49999999999997
